3,2
3,1
3,3
10,150
10,82
10,174
10,122
11,20
9,2
8,5
8,16
8,4
8,13
8,10
8,11
8,2
8,3
43,3
43,2
43,1
43,0
37,6
37,4
37,1
37,3
20,3
20,2
20,1
19,3
19,2
19,1
18,3
18,1
14,3
14,1
13,3
13,1
12,3
12,2
12,1
11,29
11,28
11,26
11,25
11,24
11,22
11,21
11,18
11,17
11,16
11,15
11,14
11,12
11,11
11,10
11,8
11,6
11,4
11,3
11,2
11,1
10,308
10,304
10,290
10,284
10,282
10,277
10,269
10,265
10,263
10,244
10,214
10,204
10,194
10,188
10,164
10,144
10,140
10,112
10,106
10,105
10,104
10,99
10,98
10,90
10,85
10,74
10,64
10,17
10,14
10,10
10,8
10,3
10,2
10,1
9,7
9,6
9,5
9,1
